                8              
               6 4             
              7 0 6            
             8 5 8 2           
            9 6 3 6 5          
           2 3 4 6 2 6         
          0 2 6 3 8 3 7        
         8 6 3 7 9 6 7 4       
        3 9 2 6 5 8 3 6 5      
       8 5 8 1 3 6 4 8 4 2     
      7 1 3 9 3 2 9 7 3 9 2    
     9 6 4 9 6 4 3 8 6 3 8 1   
    4 7 2 3 7 3 8 9 1 3 2 5 6  
   3 9 5 3 1 2 6 7 4 3 2 1 5 9 
  7 3 7 2 5 8 1 6 4 5 1 3 4 2 9
 2 1 3 7 4 3 2 7 9 8 5 2 1 4 2 4
4 2 1 5 7 9 5 0 4 2 3 7 9 5 7 3 1